9.336254920049232853e-01 -7.298869108980785003e-02 3.975801630961373068e-02 2.476407516948098131e-02 2.234242800864922468e-02 1.419612052094525873e-02 3.755678351729292708e-02 5.334663411782632203e-02 -1.977384084360044730e-02 -1.783224630356786411e-01 6.976972288444867332e-02 1.264204565150673087e-01 1.201076473062125810e-02 1.542409560736619778e-02 5.790448902762362904e-02 4.646120768432267581e-03 -6.417135220970388021e-02 -4.550749794793394060e-02 4.708843284127455647e-02 4.116258201306285947e-02 1.165775365440348127e-01 3.964525370161842144e-02 -1.618796341823080728e-02 -6.349971531175194368e-03 -3.130225924305305579e-02 4.723797764161007107e-02 4.996158046789733048e-02 5.545286370431613127e-02 1.638371519925645517e-02 2.249380397024403067e-02 -9.832060214890304961e-02 1.569050268661870973e-01 -1.444605198622260847e-02 2.099013367983181833e-01 2.511313500690955797e-02 -4.533835859141457370e-01 2.619578791638273174e-02 2.757561818119488861e-01 -2.284484839408951196e-02 -7.132140120198950974e-03 1.495632915884359537e-02 4.813106797852680779e-02 4.539715219942398738e-02 -7.478811795621805036e-02 -5.730105925116808774e-04 -5.146190249313097043e-02 2.521589417112148068e-02 9.263667124895125227e-03 7.725259375264354259e-04 -3.420767163437674063e-02 -2.703795698697610689e-02 3.141138819355310252e-02 5.659244737647256551e-02 2.215379100266528511e-01 3.403450548130179665e-02 -5.161081572842796811e-02 -3.730152870277438359e-01 7.220280974191232992e-02 -8.027262883039648633e-03 -4.178371329020503719e-03 -1.199096150802243452e-02 1.138856455574149959e-03 -2.663713881319060978e-02 1.298792881712165087e-02 -3.553837333616228621e-03 1.598478349339748847e-02 1.529388943024886059e-02 1.113891939992985546e-02 2.884518739417434030e-02 2.379097938032430533e-03 -2.055830655618037101e-03 -1.580117896026426300e-02 8.514180707502089565e-03 -2.483636339194640694e-03 -6.530651821584254786e-04 1.588462915935196992e-02 -1.359199300672882596e-02 -3.186417417323708558e-03 -2.645684567214460006e-03 -8.274323562610099228e-03 -1.091323783916203424e-02 1.649101103260548068e-02 -4.888094953810435961e-03 -2.264313416588649430e-03 -4.316361288894449491e-03 2.281865336108209602e-02 -1.014114968094982985e-02 -4.591961722316302563e-03 -5.948308129874187167e-03 -3.922025005596214975e-02 -9.183211917167723864e-03 3.058778364922624515e-03 -1.780858224192356266e-03 2.522304845910752422e-03 1.724239076131095158e-02 6.219588136695124690e-03 1.194686117231790780e-02 4.738328340636830359e-03 4.064078402497432567e-03 -1.899050905720384153e-02 -4.984951717769974151e-04 2.748808617001728943e-03 6.494820269421747172e-03 -1.220361106724984074e-02 -1.515111178810462939e-03 1.062769641463465978e-03
-7.298869108980785003e-02 1.003690533703363252e+00 3.041918203394124512e-02 1.029296629916947236e-03 -8.131665612518860012e-03 -1.494265653587626037e-02 -4.839655863472718672e-03 -3.030830070491115531e-03 5.634940820961192864e-03 4.274905283199636336e-02 -2.147242635832801241e-02 -3.898615520778769827e-02 -1.199105736301899275e-02 -3.034403769391140829e-03 -5.760490457415579427e-03 1.069879501401471006e-02 7.026504306511953228e-03 8.493014426741399281e-03 3.527864262241655474e-02 4.264952302070301043e-02 -1.045526377744355941e-03 1.686436402454828676e-02 6.329499834455885182e-03 -1.878268531327541638e-02 -7.066337671518876755e-03 -5.332102932918051860e-03 -5.357887984253715402e-04 -1.882596881961876370e-02 1.688335212961956239e-02 -3.657060516099149266e-03 -6.500659052365335804e-03 -1.586985690295687410e-02 -7.148139716298407276e-04 -2.076502950498645625e-02 3.815164938037048006e-03 3.181386859591714411e-02 3.053929848648944539e-02 -2.827224398138790049e-02 7.247931954975988036e-03 4.839734422779425234e-03 6.521560444941422278e-03 -1.655842469812232598e-02 -3.275868723097517116e-02 3.000900408972818553e-02 1.470175508286732796e-02 -6.617760685692686100e-03 6.440465546883227324e-03 -1.372116563938732998e-02 1.609615049575455550e-02 2.316760650357992894e-03 5.074605948611754513e-03 2.159316589521544962e-03 -5.404569278137345313e-03 -1.632732782744872324e-02 3.448213762566380153e-03 2.370157338559035487e-02 1.055345711463197278e-02 6.161399692104513152e-03 -1.549959759625443509e-02 -6.535768296956882828e-02 -5.172193310265929544e-02 1.208889928151841014e-01 5.131601187632793375e-03 -5.881700394435533663e-02 9.466227499417092552e-04 -7.030234391706362447e-03 -7.930531481187141560e-03 1.593769614548899358e-02 3.013165959063186794e-02 1.653123395701254798e-03 -1.277501337524624683e-03 3.749635011580729205e-02 -5.888020671864619381e-03 -9.726882768455239175e-04 -2.978621342999884011e-03 -1.078352940594265626e-02 3.653380665831287150e-02 5.507554712360458390e-03 -1.160228362352813680e-02 1.444068544915750110e-02 9.446213897985240165e-03 -1.807377616408270115e-03 -1.163975883755766910e-02 -1.826549652698852225e-03 -1.314688070273476242e-02 -2.956126192609554500e-03 1.258913721466261432e-02 -3.355569399753714592e-03 5.080166172098195612e-03 1.398603666196123196e-01 3.760042869886615069e-02 2.948601164971244044e-03 2.552568089526046843e-02 -1.698211016555258024e-02 -1.078252807318799515e-03 -1.322580940468850476e-02 6.293850202131350859e-03 -2.946856554124866953e-03 -1.285851963279735846e-02 -8.062092552692877011e-04 -7.784098995532763576e-04 4.003067060188592735e-03 -7.860839210004540167e-02 -1.512766991181643123e-02 6.336895752791110205e-03 6.066776991297498367e-03
3.975801630961373068e-02 3.041918203394124512e-02 9.520829236939818419e-01 -2.415683576161527842e-03 1.228101539442652199e-02 1.795187455578285407e-01 -1.154810347043469868e-02 -4.411671974487081649e-02 3.622058752915964432e-03 -1.839571221028347969e-02 5.222695330224724763e-02 1.014928728287350507e-01 -2.082846985535145856e-02 3.643357839629866347e-03 -5.045667715951182575e-02 1.859846005389008405e-02 5.131987937966308970e-03 5.549561260681583688e-03 1.673557250010109312e-02 2.709126603386094803e-02 3.883260184511990593e-02 2.555794516528137397e-02 -2.411770286969573684e-02 -1.803273033115632140e-02 -1.284437144979025912e-02 1.547702030706059415e-03 3.635722610602061533e-02 -2.440898309064943109e-02 6.364768022846811063e-03 1.443403272319281408e-02 -4.388913710627947301e-02 -2.007324087055263884e-01 -2.003711277120048817e-02 3.378826334352811323e-01 -2.612756279079105765e-02 -1.046320334416147163e-01 -9.535141540428236639e-02 -1.744858966743813022e-01 -2.415269176690887920e-01 1.024871330995106612e-02 2.255016613280459992e-01 -1.308950973401746404e-02 1.106127020755684198e-01 1.144458118526362894e-01 4.447736780722083560e-02 -1.207318349493274046e-01 -7.683774439313084681e-02 -6.863083319664189941e-02 5.904530449173241852e-02 -1.477810672336892991e-02 -2.191068189388016563e-02 1.403177778187129354e-01 -5.014966929813288732e-02 4.966456898546932619e-01 -1.277873256961498394e-01 -2.300483124623464368e-02 -5.359436026423074900e-02 -2.934051055379136019e-01 -3.493871961045009744e-01 -4.170613694252984192e-03 -3.584577981289477876e-03 -9.538543018827237707e-02 -8.765785144082435115e-03 8.497104980875266889e-02 8.195464221792621989e-03 -9.532567739197281981e-04 3.391231450799774439e-03 -2.924745762088871472e-03 -1.056194141261445653e-02 -1.280171890368265314e-02 1.423141531401719449e-03 5.584050148547336882e-03 -4.500265843599991766e-03 -1.076595659335638847e-02 -1.613125973054276366e-02 8.033197801369972718e-03 6.465067257777602772e-03 -4.812998439802005333e-03 -9.806689745682013043e-03 -5.673110866027284913e-03 -1.643875257563308563e-04 -3.890876429193630866e-03 1.985210893555934553e-02 9.339971981574789195e-03 2.521457952452582467e-03 -1.822198052657969265e-04 -2.032679586715429448e-02 -5.235854180096102817e-03 -6.287079866909484407e-03 4.690099224812644546e-02 7.414112426087065416e-04 -5.246160916201963835e-03 -7.097020206648349365e-03 -8.668551104975941168e-03 1.620773664578666886e-03 3.181367630480005926e-03 -9.262809477233719876e-03 -5.057158798171699707e-03 -3.701242636516528708e-03 2.053790934124782191e-04 -1.253015047033748282e-02 -1.008287067706488231e-02 -1.368057683710889767e-02 2.953761703860764438e-03 5.948160259092535700e-03 1.145802578495934768e-02
2.476407516948098131e-02 1.029296629916947236e-03 -2.415683576161527842e-03 9.200535601432733301e-01 -6.482519507243938994e-02 2.501790046647180479e-02 -1.855398808829562471e-02 -1.465922190168927712e-02 -3.271835125415169742e-04 -2.011817515375456319e-02 5.979528435706498585e-02 2.659635930711991281e-02 -1.345249693707688786e-02 1.089305584106149347e-03 2.182522945099512647e-03 -1.389127593586797103e-03 -3.299213641418956636e-03 -2.628756896522744819e-03 -1.290986738998380328e-03 -1.935088909100494492e-03 -2.718460409750809038e-03 3.433370087803786419e-04 -1.176076251485577880e-02 -1.243049603890830114e-02 1.165899912651507941e-03 2.471407889711116010e-02 -1.841137702277048996e-02 9.518505941266337464e-03 4.314589037219838073e-03 1.350045643836135789e-01 -1.919000624313053557e-02 9.890406612277614917e-03 -4.598595092012750310e-03 -1.450157796540486703e-02 3.645890152530460639e-03 5.502249576205616062e-03 3.429227318102676548e-03 2.122631442619913635e-03 -7.011770621026348037e-03 -1.265126018510954586e-03 -1.797363883051383143e-02 1.065504319691343814e-02 1.251852894145919978e-04 -5.349025697558435800e-03 -1.028096524654574691e-02 -6.751999922847787619e-03 9.287117590816042472e-04 4.454877697902009936e-02 -1.179775754932889560e-02 6.967069069444727959e-03 -1.488447367275648470e-02 -1.466140082132552820e-02 2.158764885343487407e-03 -1.194759527066543113e-02 1.549720772491936654e-02 4.564138209285367601e-04 -1.940768913767825996e-03 3.688757400933578411e-03 -6.670609946067317456e-03 1.246534486913980586e-03 7.537368286905627747e-03 -5.706631572441176912e-04 6.748028893491568592e-03 -5.325029644041554683e-03 -1.908531307710658372e-03 1.597937786435708668e-03 -4.344853815190182801e-03 -9.916546402252582413e-05 -5.967632529460372738e-03 8.560332757912658339e-03 -2.835231399207657722e-05 -3.046414072152481473e-04 -5.100222574893614226e-03 -5.345348779575609562e-03 -4.165388725429980746e-03 5.740710079023040278e-04 -5.564234326774545290e-04 -2.418225298214466551e-03 -1.477928257623290908e-04 -1.260956924932046027e-03 -4.747502881814428567e-03 -9.038804016682205206e-04 1.763851858974354106e-02 2.262430586475268693e-03 -2.914314212082968255e-03 -6.662522746717859136e-03 -6.725447238311570847e-04 4.656929966685134474e-03 -1.527068692327635240e-03 8.603681881596482624e-04 -8.190605786155729165e-04 -4.315342838826773672e-04 -1.455408747972931037e-03 -2.856564567819433638e-03 -1.505805057333267291e-03 -1.476732080867208460e-03 -1.858586402642848495e-03 -1.741550156746895540e-03 7.685761961022948008e-03 3.760059004405113051e-03 -2.495211702353668497e-03 -1.943070942926061317e-03 -5.843783737096975434e-03 5.519234191370699484e-04 -4.156472283310512668e-03 1.625184355424537722e-02
2.234242800864922468e-02 -8.131665612518860012e-03 1.228101539442652199e-02 -6.482519507243938994e-02 9.887308537342711645e-01 1.927369882203376281e-02 2.231001605899621959e-03 6.313933058132957521e-03 -2.213603839924556740e-03 -1.523045500828939039e-02 1.401761638609938694e-02 1.535760656276453050e-02 -4.519195718513947281e-03 -2.837164290178822035e-03 -2.730151284348849693e-03 -3.293880380096323238e-03 -8.475738857206113405e-03 -7.942229287403309787e-03 -8.002924046909784019e-04 1.757381674454691883e-03 2.740640425025562404e-03 -1.191909641166981164e-02 1.057927007112191651e-03 -8.176525555586325669e-03 4.823796619026213088e-03 3.091073746941273154e-02 -8.809095694991353823e-03 2.387086556635268503e-02 1.698550610453137969e-03 2.654021502407032801e-02 -1.078650062264104731e-02 -1.135589259261533465e-03 -7.612285223422549443e-03 1.146522470088386786e-02 -3.034056110127006725e-03 -1.261603221960041869e-02 -2.863566552281249927e-03 9.558458702362954834e-03 -9.591413740363730414e-03 6.614498089522235016e-03 2.992246248417404324e-03 1.498160164712894656e-02 -3.447123020767150440e-03 -9.711798273686008537e-03 -7.025982651620188424e-03 -1.999826487461006663e-02 -4.760884207986018114e-03 1.991931959219377796e-02 -6.984841782990146991e-03 8.542742645806801136e-03 2.250013938855674120e-03 -2.108080783114499486e-03 -2.861615476523420194e-03 1.305174620146881681e-02 1.232957622173189161e-02 -3.443597298962872318e-03 -1.589575950865399628e-02 -1.650760286696963813e-02 -1.807846547145835255e-03 -1.058740498321895582e-02 3.227693234791504176e-03 -8.563687771741653604e-03 -1.116206593623190546e-03 8.795415521136586146e-03 5.140969858926778234e-03 1.690676616939420888e-03 9.716529523366710872e-03 -2.791598385796705082e-03 -2.151828489097445431e-03 -3.986706945601267878e-03 -4.786460585465574652e-03 -6.871378498705191760e-03 -4.348819148736323033e-03 -9.198792107540950877e-03 -3.711390456269852804e-03 5.868516683334946624e-03 -3.868974250352728850e-03 -1.759973753484784511e-03 4.026325204181371159e-02 4.673242469061060153e-03 3.297856524498289470e-04 2.551320344605151422e-03 2.168881979150432283e-03 2.106344547163234871e-03 1.349343435141925340e-04 -9.228786191546373488e-03 -9.653502471462519635e-03 -5.250607269135104845e-03 -4.670934762673199618e-03 -1.197774137162209082e-02 3.678442170670058898e-03 -2.919602948332389487e-03 3.226587227271086010e-04 2.192232549722192801e-03 -4.753656604255873837e-03 -5.598148973820375740e-03 -8.757788167251781726e-04 -4.167774141622512286e-03 9.445297880005745425e-03 6.018355840013094211e-03 -4.035168580383491702e-03 1.110482346657521401e-02 5.954532694367450051e-03 4.065105432825543916e-03 -6.713796917184241056e-03 7.411829733180169341e-03
1.419612052094525873e-02 -1.494265653587626037e-02 1.795187455578285407e-01 2.501790046647180479e-02 1.927369882203376281e-02 9.441548209957801863e-01 9.872938578043260333e-04 2.799979955814612537e-03 -1.411657611440563301e-02 -3.701109110037621545e-03 9.682530893022039953e-02 8.627280589656691201e-02 -2.551411861050655733e-02 -8.471897817760563193e-03 -1.494626637871470654e-01 -3.120992272731309275e-02 -7.504739738908247637e-02 -3.561243148056485869e-02 -4.440691651780391894e-03 -6.309682904958375431e-04 -2.126388403360582238e-03 -1.208547178606554640e-02 2.964183415276512839e-03 1.845945656492986239e-02 3.415106714557414325e-02 2.759229003714276304e-02 3.512995686091054809e-02 2.891251311789237374e-02 -7.253116605320255282e-03 4.433113042358317185e-02 -5.458132797594168750e-02 5.337404018310412668e-02 -1.261414678302114544e-03 1.109595822976974511e-01 2.812465324673472673e-03 -1.226555128331542760e-01 -2.230044504205103053e-04 -9.301013960246526380e-02 -6.369700117680493490e-02 6.151421245766002834e-03 5.842381688447693955e-02 8.773542078484825035e-02 1.061972316601006300e-01 -1.996173158299970746e-02 2.086468650688350773e-02 -1.172187034620830043e-01 -3.083436523877754881e-02 1.969572445369346600e-02 1.922800679213900257e-02 5.533741141681826001e-03 -2.044010649502267865e-02 8.166933781876672960e-02 -1.500800918741020673e-01 1.541513351919696073e-01 4.980226650955796308e-02 -3.209757877884390070e-02 -1.954216742090642001e-01 -4.847766798876666089e-03 -9.200127184106282607e-02 3.916373641760441567e-03 -5.226008252426240369e-03 -3.338982081345538699e-02 -2.594828646200918708e-03 3.008937545771407304e-02 -9.027169189180445433e-04 -3.588428767106796331e-03 -1.160917595943855227e-02 -8.939581633900163960e-04 -6.457234678440620587e-03 1.406905791627473257e-02 -2.568606471807639152e-03 -1.381313239014730909e-02 3.694553407180229797e-03 8.378423148496818434e-03 1.028090066069252450e-03 4.589199721550760516e-03 6.429812427420878666e-04 -4.894563829145191954e-03 6.659024418748917202e-04 -5.633831211810455195e-03 -3.635785464984529715e-05 -8.857839325482296661e-03 1.002180092280756689e-03 6.654742936917689214e-03 5.543159971547512339e-03 5.234845547663583010e-03 -4.592978964183045201e-03 5.667401448062821083e-03 1.467562886930545664e-03 1.492409232703049635e-02 -9.736720202917209868e-03 5.244609727864633919e-03 -8.124516772411634682e-03 -6.018100542778639060e-03 -6.316766796156375770e-03 6.861379913576198981e-03 -5.452619478372533121e-03 3.650065892966527625e-03 1.024296876098180001e-02 -8.939845018729970783e-03 1.686816001992202246e-02 4.062544920328784066e-04 -6.874269247153318337e-03 -7.050387197664878362e-03 6.523171270018043866e-03 9.453671037653169074e-03
3.755678351729292708e-02 -4.839655863472718672e-03 -1.154810347043469868e-02 -1.855398808829562471e-02 2.231001605899621959e-03 9.872938578043260333e-04 1.007912855314641476e+00 -4.787838024914332913e-02 -2.406743360923438955e-03 -2.612366971557177342e-01 -4.068067139667526366e-02 -5.297649857290585157e-02 -3.654233471882528672e-02 -3.084710188912604800e-03 -3.823021388341898974e-02 -2.008428110470943800e-02 -1.866586252219040731e-02 -1.058698623596584718e-02 -1.078745694287936222e-02 -1.334712395991450792e-02 -2.038126006137643692e-02 -1.488330094000139651e-02 2.551756664866124125e-02 -2.318371707682499033e-03 1.855916778935694927e-02 -3.551784236869590886e-03 -1.191474531781083063e-02 9.161477996909975262e-04 -5.732694448471467412e-03 8.411709373930337935e-03 2.117762506770590886e-02 2.787878415207182062e-02 1.665716540309469113e-02 -1.833502413171863091e-02 -3.457277403478675737e-03 -5.919607879987025430e-03 -2.640989086020095397e-05 1.327637440209589008e-02 1.245708359016856059e-01 7.858838448434812829e-02 -3.013343547115596849e-02 2.083371479424783040e-02 -1.893098365743580910e-02 -1.135087172167732229e-02 -3.045752053774667886e-02 -3.037186248797347013e-02 -9.241407095434379243e-03 1.879694474279230976e-02 7.216697338186453883e-03 -5.520830083950784006e-02 4.661883199732832356e-02 -1.922837711446503256e-02 -3.831414970171773821e-02 -9.685960659733101885e-03 3.053435999291899405e-02 -7.003896882697794105e-03 -2.914794066089269539e-02 2.045726936598698739e-02 -1.456567309265472190e-02 1.752442871962383089e-02 9.806256713589258170e-03 5.310349911552538632e-02 -8.838782957079917811e-04 -5.388578478168890018e-02 3.235849991883527847e-03 -4.660224797288662311e-03 -4.174638337616743203e-03 3.343465982381477707e-03 -2.281261941720729748e-03 -7.487127673402237289e-03 -4.334237635668291774e-03 -1.840609418321442585e-03 2.006491727966662648e-03 7.238428929007348356e-04 3.903944685267981586e-04 -4.592126046076935864e-03 -2.274868324090908826e-03 -5.105903680121870458e-03 -1.087155643731221996e-03 -3.139134655258103007e-03 -4.857219462069965049e-03 -3.674995688437485315e-03 -3.423187843723795969e-03 3.789592578603770412e-03 -4.568763615441721014e-03 -4.848060554307788428e-03 -8.794449398969140033e-03 5.379218268673126996e-03 5.056003284051983210e-03 -2.037746478378398354e-02 9.787364779517021031e-04 -3.174341716297501576e-03 -4.621969687907836674e-03 1.156777436346611947e-02 -2.554485693870765968e-03 3.292737312728961224e-04 1.758047768284641543e-02 -3.258404361915661403e-03 -4.825122132343504476e-03 -8.811521744614872476e-03 -3.322064525200288214e-03 -3.729629997637944408e-03 1.424118894414544943e-02 -2.759972110800559125e-03 -4.866721738045279473e-03 -1.401465107355331832e-03
5.334663411782632203e-02 -3.030830070491115531e-03 -4.411671974487081649e-02 -1.465922190168927712e-02 6.313933058132957521e-03 2.799979955814612537e-03 -4.787838024914332913e-02 1.000193305754017103e+00 -4.081262406056022571e-03 -3.938778127724396616e-01 -5.335584577380159815e-02 -7.744953660732405154e-02 -5.373968748144764690e-02 -5.230932359471072469e-03 -6.101062430379640411e-02 -1.847121342435476335e-02 -2.004821849310705478e-02 -1.166814352551067899e-02 -1.204771973932409340e-02 -1.566615005601456820e-02 -1.058419276720756058e-02 -6.650907696543107220e-03 1.052727339683390273e-02 -4.968365506069774389e-03 3.780487629999759042e-02 -4.907535029630111928e-03 -4.043963401511775635e-02 1.210012366783699278e-01 3.798325269210468119e-03 -1.092028570668384865e-02 -2.086931856992674597e-02 3.677973485324444181e-02 -7.496058705980024328e-03 1.809211136974422278e-03 -6.537152522490922123e-03 -3.401075474787901287e-02 2.335265725620702844e-03 1.744044494279675672e-02 1.929265648421090232e-02 -3.476594262064396611e-03 -4.359767784481397707e-02 -2.482102886764110325e-02 -2.397447665371703340e-02 -2.243910147061219454e-02 -5.833935322590187711e-02 -7.224385780199040191e-04 -1.559898831514856810e-02 1.577035531625043396e-01 2.273133820986374398e-01 -9.146589874672256260e-02 -1.619977138313513643e-02 9.954475195706824833e-03 -6.115934871590004984e-02 -8.542430566005856929e-03 -8.702775756929915715e-04 -1.124961508745137354e-02 -3.144496746878705506e-02 4.036698946845611313e-02 2.594935531480412755e-02 1.936800781963868290e-02 -1.941839667806025127e-02 4.207373412864166135e-02 -1.067130111431706212e-02 -2.823711171824962174e-02 -7.359743481542614998e-03 -4.907718897208600099e-03 -3.856871363254669831e-03 -1.066767178082721028e-02 -4.008868504280743532e-03 -3.371204562342005467e-03 -2.259855890791764420e-03 -4.696533308570452307e-03 -3.180526362353184276e-03 5.904806186208571422e-03 -1.157906426370184164e-04 -2.588734194306816384e-03 -1.739204306006450484e-03 6.080941374503581222e-03 -1.843556537991284001e-03 1.808406446312427803e-03 -1.389593908964004924e-03 -5.460315303702254625e-03 -9.949394462738051295e-03 -2.826082897163039766e-03 -6.825816657620390610e-03 -6.878028914526049947e-03 -1.966287012953503444e-03 -8.709665640228115430e-03 -3.524442253555488264e-04 -1.888219243796813995e-02 -6.006899933189494001e-05 1.033780244868083478e-03 -2.968703322377493244e-03 -4.817891037183399949e-03 -1.239015721337698552e-03 -4.399831584405146552e-03 -4.353436709420839914e-04 -4.791522817163990436e-03 -1.368988509039629695e-02 -8.480300281766144782e-03 -5.019302584339871420e-03 2.958247642598655497e-05 3.141059049052008501e-02 -2.416401819045673610e-03 -4.334301454682939342e-04 -1.101821820523373949e-02
-1.977384084360044730e-02 5.634940820961192864e-03 3.622058752915964432e-03 -3.271835125415169742e-04 -2.213603839924556740e-03 -1.411657611440563301e-02 -2.406743360923438955e-03 -4.081262406056022571e-03 1.166546360027085560e+00 -2.596890387365753325e-02 -1.787778089078922907e-03 -4.580540663400485719e-03 -3.248993637696409066e-03 -4.706189099004524142e-04 -4.752953421722721714e-03 2.516199589936008937e-02 8.703881462732224183e-03 -2.325779850585417679e-03 -1.544712247508787072e-03 -2.128387621371899061e-03 1.426639971682423964e-02 -2.741860291982219696e-03 -3.005199630718607181e-03 -3.490413409243344877e-03 -5.760040470406117830e-03 -6.436265895301214500e-04 -7.591806465258307997e-03 -2.283188895610484444e-03 -8.746087142411610327e-04 -7.704612709739619729e-04 1.863282975594188077e-03 -8.258911721256366988e-04 -3.546086586178774842e-04 -6.546193664485729959e-03 -2.311543523942027889e-03 1.081829046803856227e-02 -3.778393873493834237e-03 -3.537656806629039738e-03 -6.775836122104896865e-03 -2.569890412422863894e-04 -6.507458888102821137e-03 -4.315185408146909526e-03 -3.464951888673674981e-03 -4.274667424143094134e-03 -4.931115175839553659e-03 -7.089693441293075209e-03 -1.389493561408738399e-03 -4.625883340817785357e-03 -2.094915461894030547e-03 -5.757794430850246212e-03 -2.590239239512868129e-03 -4.077845510446521070e-03 6.694255094664003369e-02 -1.009868199704103998e-02 -5.989139398372411542e-03 -3.651125286039054712e-03 2.369136620372455301e-02 -7.158066169189548911e-03 8.536931008231220600e-03 -1.914222426690398438e-03 -2.991782911666811175e-03 9.936596660148580562e-03 -1.826771071868198279e-03 -5.834538743420572722e-03 -3.762435261695119414e-04 -9.238011980076856876e-04 -7.667885601853733669e-04 -9.362986493442039624e-04 -8.624759237096193444e-04 -1.079756979627480773e-03 -5.194640300372618206e-04 -1.174219584514702699e-03 -7.515813004379404486e-04 -4.306649017325891874e-04 -9.380186814461179481e-04 -4.741242831318197770e-04 -9.733190665319156609e-04 -6.324981975646839063e-04 -1.658619360042637913e-04 -4.080457963456542419e-04 -3.937843277773508304e-04 -3.425251633378500180e-04 -7.299950969528737820e-04 -4.969430051337788345e-04 -4.364414259910507341e-04 -6.319454119655752277e-04 -1.064400490700489425e-03 -5.538698930387858438e-04 -5.188859429779907936e-04 -3.041654069671488169e-03 -7.348926388541629409e-04 -4.842935467787526523e-04 -6.116570496060229995e-04 -1.181698346790173307e-03 -7.475135814879258411e-04 -6.285859325126102884e-04 -1.090292368167996824e-03 -2.896116368618425075e-04 -9.290872437992172411e-04 -5.969978687175171283e-04 -3.332021235039789612e-04 -4.470010165513654604e-04 6.099827725665974733e-03 -1.020353362199385170e-03 -3.459239619849586935e-04 -2.297851171123311761e-03
-1.783224630356786411e-01 4.274905283199636336e-02 -1.839571221028347969e-02 -2.011817515375456319e-02 -1.523045500828939039e-02 -3.701109110037621545e-03 -2.612366971557177342e-01 -3.938778127724396616e-01 -2.596890387365753325e-02 9.899770574086512731e-01 -2.706985402237259697e-01 -4.382818325334134069e-01 -3.057241997750139717e-01 -3.328420623263413092e-02 -3.713971469751583543e-01 1.084827776370099819e-02 2.737635409062491587e-02 1.531321014475064621e-02 1.587664837488581698e-02 1.904801807842108896e-02 -1.500762354742624441e-02 1.356635017522637814e-02 -5.956608585570883838e-03 1.663734813188394099e-02 -1.861620835232965371e-02 -5.493359215049012367e-02 5.459698801019243625e-02 -7.617266672213268697e-02 8.271310448063859053e-03 -6.272576064857948719e-02 -2.970263739833405373e-03 -7.719929982633353532e-03 -2.706944434992110664e-03 -5.823599977931721849e-02 4.660186916101155194e-03 7.913105685499252639e-02 9.702356120672050999e-03 -4.430180920371858816e-02 3.385993585140429502e-02 -2.084715582053092361e-02 6.510684915553689722e-02 -1.061953727014524132e-02 -9.566563851307305355e-02 9.668689978968272869e-02 1.398296525783651045e-01 8.551781940732391951e-02 3.923909280586984627e-02 -9.864611470018730399e-02 -1.170678702877958333e-01 8.511994015222601462e-02 3.428320410621105846e-02 4.431407638081205635e-02 -3.723716016623254688e-01 -5.348746691596207442e-02 1.827422487235952006e-02 2.802916870153055948e-02 4.174099448863808487e-02 5.997112199587457428e-03 -1.663897005893046066e-02 -1.796310728691119518e-02 -2.498431951925733727e-03 -6.706021969980791378e-03 1.607799025017249070e-02 7.675883137742596507e-03 9.205889595200656209e-03 -7.586821318536416531e-03 -4.890078649751463530e-03 5.510426088291849218e-03 4.343322096275890193e-03 1.523375258338477770e-02 9.895434291675237609e-03 1.563874803027481830e-02 4.920216485989409999e-03 -1.115097391592019234e-03 3.467017248919388329e-03 -3.494821794615123219e-03 2.041006476847709999e-02 3.445374811531946857e-03 4.637595031677202093e-03 -5.547646086956677797e-03 5.651847153357965857e-03 -1.300688632437955235e-03 2.353141313626741331e-04 -9.017281330591115501e-03 1.446297990083189253e-02 -6.000613296451407820e-03 1.593268683830164484e-02 4.318539573949573343e-03 6.778936672177603671e-03 4.447110437784284470e-02 5.893262275506863657e-03 3.299884067937740827e-03 9.221022012067550677e-03 1.545525790407421135e-02 6.932161422935586778e-03 2.511059853542106299e-03 3.945273905363436140e-03 1.323096544346404491e-03 -1.754520656156702968e-02 -1.583239134632946979e-02 -5.319869507217373644e-03 -9.375619243314537755e-04 -3.893038796069278606e-02 8.164140413785832273e-03 6.966478963908141579e-03 1.952918452203448400e-03
6.976972288444867332e-02 -2.147242635832801241e-02 5.222695330224724763e-02 5.979528435706498585e-02 1.401761638609938694e-02 9.682530893022039953e-02 -4.068067139667526366e-02 -5.335584577380159815e-02 -1.787778089078922907e-03 -2.706985402237259697e-01 9.640345700944670249e-01 -5.868008399371760220e-02 -3.998308069151043642e-02 -2.291385685916212667e-03 -3.435718464316985660e-02 -1.772889200610034592e-03 -1.140238874043610594e-02 -3.744884121373650253e-03 -3.314257624753328205e-03 -5.219487909577780367e-03 5.690551673119366091e-04 -1.142864928412352802e-03 8.067442350656048658e-04 -8.430775076565229578e-03 1.289257646486937324e-02 1.263055009375541743e-02 -1.384677959931058730e-02 -7.920331265126463391e-03 -4.258362438121231046e-03 5.254396354455474066e-02 1.775211477294543795e-03 -8.115495675989764512e-03 -6.599347075144344939e-03 4.705525399987488949e-02 -7.211309653701420200e-03 -4.173719999211597531e-02 -3.020824416311064260e-03 2.767760388407681203e-03 -3.775732929536567556e-02 -2.101394137367089843e-03 -1.378546461818800500e-02 9.958071239684118670e-02 2.190852532274058934e-02 -2.435804936095132406e-02 -2.906715830232548675e-02 -2.484975437723237895e-02 -6.977423702489056467e-03 -2.305608096817868269e-02 -2.286731471285489287e-02 8.986929993938165551e-02 -3.255862138324916444e-02 -1.937702578865203515e-02 -3.440956350983834233e-02 5.862313729772001408e-02 -1.930693734632622435e-02 -1.307093794055637359e-02 -2.270901714997830556e-02 -1.559129850110987404e-02 -2.372646518053994971e-02 -1.038336712448052236e-02 9.906118361379603540e-03 -3.580855381648986868e-02 -4.289967169335945005e-03 2.905375600426000210e-02 -6.188165853907244204e-03 2.489377886058279782e-03 -5.071551084022288790e-03 -4.916112206623244815e-03 1.716506690157766635e-02 2.221774946209861476e-03 -4.002155301811246429e-03 -4.521088299854765513e-03 -7.896038115165442475e-03 -1.286944649297138560e-03 3.931550674314355023e-04 7.117274098198591442e-03 -5.792736543129980813e-03 1.601754719135497183e-04 -8.075614005366531494e-04 1.570763223989969648e-02 -5.524705919616117178e-03 5.520693929534294282e-03 3.846008692471652654e-03 1.024960142381516406e-03 -4.832091412266299388e-03 9.588015862817377954e-04 -4.056962687634035544e-03 -1.998663328874707764e-03 -3.899614188405845644e-03 -9.732130553397447953e-03 -4.519173015096595442e-03 -2.357965813797852951e-03 -3.949326648894616390e-03 -1.170730433128994163e-02 -3.104017907320679674e-03 5.404200005841481441e-03 -7.983204351651305986e-03 -3.565729604829232825e-03 1.394690972496967669e-02 2.512845876420910854e-02 1.914911805053792770e-02 4.487982804387505124e-03 -1.035493557772004802e-02 -1.942180833207697663e-03 2.789667561309143277e-03 3.205613893889187882e-02
1.264204565150673087e-01 -3.898615520778769827e-02 1.014928728287350507e-01 2.659635930711991281e-02 1.535760656276453050e-02 8.627280589656691201e-02 -5.297649857290585157e-02 -7.744953660732405154e-02 -4.580540663400485719e-03 -4.382818325334134069e-01 -5.868008399371760220e-02 9.946484616135531365e-01 -5.968060083402401683e-02 -5.870854651372853228e-03 -6.818037571110691086e-02 -2.219803398078797150e-03 -1.468387955326011865e-02 -1.112876991429484833e-02 1.290687526947360744e-03 -5.880765172306965174e-03 3.124953439065688079e-02 -4.743555470702014686e-03 -8.015414613833298646e-03 9.449474798726448938e-04 -1.060742229976266437e-02 1.228447181012327395e-02 1.578779916871725017e-02 -8.830254154886420584e-03 -1.091052766923372372e-02 7.148690798950846359e-02 -2.206530374651687054e-02 -1.182424555274999220e-02 9.069664930833030731e-04 1.022854756855722108e-01 3.616407180744365957e-04 -9.254875620024637095e-02 -1.549438404881446629e-02 -4.393917988724792799e-03 -8.310343697264296892e-02 -3.879620305661489466e-03 7.498397290244147861e-02 1.916157491411461800e-02 2.342678323984557498e-01 -4.819007013563852276e-02 -5.713626095520550618e-02 -2.675389207184164855e-02 -1.750171914520616198e-02 1.028741965950170575e-02 -3.603046491069088197e-02 3.415007811252405989e-02 -3.195874683095112356e-02 3.478684287003554719e-04 -6.834778602262381320e-02 1.059481310929389353e-01 -2.765702646985859423e-02 -1.488248028268974663e-02 -6.692181715875920867e-02 -3.974870539496060812e-02 -4.217895383324213668e-03 -5.470236433554819498e-04 -4.991381610854389236e-03 -5.579229215179287715e-02 -1.311404249134611941e-02 5.266305307251699375e-02 -2.862953939867112201e-03 4.717887284569826506e-03 -9.192952363218237499e-04 6.240076157580074639e-03 5.795647087954724792e-04 -8.471207770127307107e-03 -3.479517416255954298e-03 -7.333992556489221139e-03 4.230135854544282877e-03 -9.591721148651272816e-04 -9.413877761719749090e-03 1.618735844601691676e-02 -1.297702999475352365e-02 -9.096232556738442776e-03 -2.069086681370878485e-03 5.766001852635362036e-04 -7.771261444130439684e-03 1.316916455902473332e-02 -6.045115660320418347e-04 2.078809305703033586e-02 -2.993728138953578432e-03 2.123794647278572437e-02 -4.691746080988380176e-03 -1.505836962097975920e-03 -7.561260269641264381e-03 -1.654118036834170344e-02 -1.924590889915746023e-03 -2.127526760045182308e-04 -1.550321118357646504e-04 -1.511340098270289554e-02 -4.091046282869901206e-04 -2.284105985412501413e-03 -7.464208360109116959e-03 7.786148140138953073e-04 3.432964771486697597e-02 -1.013134578050957184e-02 9.725749277194190023e-03 -1.200853800720038658e-03 1.067507791123897126e-02 -1.790029081949709444e-03 -1.751485194813536721e-03 -3.934759420373998978e-03
1.201076473062125810e-02 -1.199105736301899275e-02 -2.082846985535145856e-02 -1.345249693707688786e-02 -4.519195718513947281e-03 -2.551411861050655733e-02 -3.654233471882528672e-02 -5.373968748144764690e-02 -3.248993637696409066e-03 -3.057241997750139717e-01 -3.998308069151043642e-02 -5.968060083402401683e-02 9.880094593103287970e-01 -4.164217897368609547e-03 -4.796013606106677707e-02 -2.233401713412878214e-02 -2.494377424955892056e-02 -9.038939316001737972e-03 -1.178229273513270794e-02 -1.317748236549278612e-02 -1.573229570145327771e-02 -1.737788190113413386e-02 -2.230912085661154211e-03 -7.812786055211812936e-03 2.205662315734004467e-02 1.074145498152132699e-01 -4.738600946056909652e-02 6.505733990635249875e-02 -3.539055534727585713e-03 9.266562825089870448e-03 1.042760251374124855e-02 1.801078907908062327e-02 5.844307894783667273e-04 -9.787558176609208183e-03 3.507127835907240853e-04 9.292661962334450645e-04 1.691785015474893406e-03 -1.199056896440653733e-02 4.903905611937037917e-02 -2.721474620967326372e-03 -5.108748827761000477e-02 9.070195591233865332e-03 -2.127382917985547878e-02 -3.293976923899128578e-02 -4.328566999283006006e-02 -2.339308783157820291e-03 -1.240645643854274352e-02 1.186741621130615876e-01 9.324824223257177636e-02 -6.697580215861846653e-02 2.053257737075159933e-02 -1.406890331282469389e-02 -4.807955079387447178e-02 -9.285429215442803780e-03 1.822341478356499789e-02 -1.479088258067195148e-02 -1.378231100131541674e-02 1.359498612302783085e-02 -1.531720345367649713e-04 3.527113076325194552e-03 1.092755887199381784e-02 1.946063659904733942e-02 -1.234836531272884286e-02 -1.945964883341464585e-02 -5.622394664879968099e-03 -4.032790410507001294e-03 1.480286478489819570e-02 -4.322668323249293648e-03 -1.117714934185285065e-02 -9.895989436331416311e-03 -5.371812272790685121e-03 -1.150532513588682637e-02 -4.014297646181030563e-03 -6.904381676864834380e-03 8.508668328791914315e-05 -5.433738011271121646e-03 -9.167029320587308586e-03 2.437889839814810083e-03 -1.467610476056668747e-03 -3.998144486098472589e-03 8.580403342628929036e-03 -4.223783179622702180e-03 2.598781064501332408e-02 -3.254947889101173115e-03 -5.286887811637806973e-03 -6.089571202445188437e-03 -3.500360892973094877e-03 -1.081491890680387480e-03 -5.314198836781840879e-03 -2.474701743172615098e-02 -1.533893834319272889e-03 3.688096053113407852e-03 -5.923462661410858372e-03 -1.165859234646030723e-02 -8.659920458926237061e-03 -6.409448063603627455e-03 2.392524476497515963e-04 4.646812430706759485e-03 -1.064787620467362236e-02 1.435545859448129728e-02 -3.897814849669797507e-03 2.736868230959525316e-03 2.700478526128045551e-02 -5.650607092210416585e-03 -5.229555594154926962e-03 -7.135895710730484620e-03
1.542409560736619778e-02 -3.034403769391140829e-03 3.643357839629866347e-03 1.089305584106149347e-03 -2.837164290178822035e-03 -8.471897817760563193e-03 -3.084710188912604800e-03 -5.230932359471072469e-03 -4.706189099004524142e-04 -3.328420623263413092e-02 -2.291385685916212667e-03 -5.870854651372853228e-03 -4.164217897368609547e-03 1.031593684541730838e+00 -6.091835168413150918e-03 -4.531086903084794587e-03 -5.018037683758432184e-03 -2.980939687527320390e-03 -1.979849487150954664e-03 -2.727943115247196369e-03 8.095152463331953957e-03 -3.514227780402489135e-03 5.392613998667834287e-03 -4.473644336923318816e-03 -7.382613292345021998e-03 -8.249327829528448194e-04 1.540916102157306906e-02 -2.926351086641903066e-03 -1.120981345969719947e-03 -9.874961208269524265e-04 -4.393794519552039757e-03 -9.981726462156595772e-03 -4.545000352240804770e-04 8.599910382262661301e-03 1.164783007684965475e-02 -4.637756204885433962e-03 -4.842747369132270434e-03 4.951202120978118182e-03 1.639361109969453452e-03 -3.293814898714312440e-04 -3.365793549290872939e-03 -5.530750229415241220e-03 5.298664986166488206e-02 2.688013225821369364e-03 5.119659345038901459e-04 -3.619294259031152761e-03 -1.780906521194268585e-03 -5.928970120300941504e-03 -2.685042026143389434e-03 -7.379734555377108658e-03 -3.319895882369471550e-03 2.457156861817702109e-03 -6.110563398455757383e-03 4.762582759917860856e-04 -1.466625295458593922e-02 -4.679627896231453206e-03 1.088360416898311381e-02 1.567665964072151741e-03 1.204476364225526980e-02 -2.453448722171851400e-03 5.647823215586930852e-03 -2.435978623955273835e-03 -2.341362784955166015e-03 5.369871191581530173e-04 -4.822293301113460078e-04 -1.184031091263391695e-03 -9.827888269065964289e-04 -1.200049008295922016e-03 -1.105430812755958366e-03 -1.383918788637068234e-03 -6.657942895976122098e-04 -1.504991007842417265e-03 -9.632977628203517016e-04 -5.519809182613846657e-04 -1.202253564309554512e-03 -6.076825766861170593e-04 -1.247497880474144087e-03 -8.106695820481430543e-04 -2.125843628579084435e-04 -5.229901309668330599e-04 -5.047112824126775803e-04 -4.390126834723635752e-04 -9.356308404089024207e-04 -6.369292115375688743e-04 -5.593846587370862643e-04 -8.099610796814633515e-04 -1.364236458302643673e-03 -7.098921015541142382e-04 -6.650533584826299506e-04 -3.898471873741486422e-03 -9.419079938639939985e-04 -6.207164679170346522e-04 -7.839575933496994000e-04 1.972960305391254637e-02 -9.580841890357137290e-04 -8.056552527002702789e-04 -1.397421940199463893e-03 -3.711936974917983897e-04 -1.190806188091996171e-03 -7.651689990277821480e-04 -4.270633928108805437e-04 -5.729188299009117238e-04 2.392892949488209606e-03 -1.307781487536680345e-03 -4.433689056549386040e-04 -2.945143647325570210e-03
